(
    (0 (-0.00015 5e-05 0.0001))
    (0.0006 (0.00015 5e-05 0.0001))
    (0.000600000001 (0.00015 5e-05 0.0001))
    (0.00062 (0.00015 5e-05 0.00016))
    (0.000620000001 (0.00015 5e-05 0.00016))
    (0.001220000001 (-0.00015 5e-05 0.00016))
    (0.001220000002 (-0.00015 5e-05 0.00016))
    (0.001240000001 (-0.00015 5e-05 0.00022))
    (0.001240000002 (-0.00015 5e-05 0.00022))
    (0.001840000002 (0.00015 5e-05 0.00022))
    (0.001840000003 (0.00015 5e-05 0.00022))
    (0.001860000002 (0.00015 5e-05 0.00028))
    (0.001860000003 (0.00015 5e-05 0.00028))
    (0.002460000003 (-0.00015 5e-05 0.00028))
    (0.002460000004 (-0.00015 5e-05 0.00028))
    (0.002480000003 (-0.00015 5e-05 0.00034))
    (0.002480000004 (-0.00015 5e-05 0.00034))
    (0.003080000004 (0.00015 5e-05 0.00034))
)
